====================================================================================================
ALL MACHINES - SYNCHRONIZING SEQUENCE DETECTION RESULTS
====================================================================================================

Total Execution Time: 502.31 seconds
Total Machines Generated: 900
Machines with SS: 890
Machines without SS: 10

====================================================================================================

Machine      States   Has SS     SS Length    Time (s)     Synchronizing Sequence
----------------------------------------------------------------------------------------------------
Machine1     20       YES        13           0.001998     0 0 0 1 0 0 0 1 1 1 0 0 1
Machine2     20       YES        19           0.023528     0 1 0 1 1 1 0 0 1 0 0 1 1 0 1 1 0 0 0
Machine3     20       YES        9            0.000000     0 1 0 1 0 1 1 1 1
Machine4     20       YES        12           0.004999     1 1 1 1 1 1 1 1 1 1 1 1
Machine5     20       YES        12           0.000998     0 0 0 1 1 0 0 1 1 0 0 1
Machine6     20       YES        11           0.001996     0 1 1 1 1 1 1 1 1 1 1
Machine7     20       YES        11           0.001001     0 0 0 0 1 0 0 0 0 0 1
Machine8     20       YES        12           0.002002     0 0 1 0 1 0 0 0 0 0 0 1
Machine9     20       YES        15           0.002998     0 0 0 0 1 1 1 0 1 1 1 0 1 1 1
Machine10    20       YES        11           0.000999     1 1 0 0 0 0 1 1 0 0 1
Machine11    20       NO         N/A          N/A          N/A
Machine12    20       YES        10           0.002001     0 0 1 1 0 0 1 1 0 0
Machine13    20       YES        15           0.006001     0 1 0 0 1 1 0 0 1 0 1 0 0 1 1
Machine14    20       NO         N/A          N/A          N/A
Machine15    20       YES        15           0.001007     0 0 1 1 0 0 0 1 1 1 1 1 0 0 1
Machine16    20       YES        11           0.000000     0 1 0 0 0 1 0 0 1 0 0
Machine17    20       NO         N/A          N/A          N/A
Machine18    20       NO         N/A          N/A          N/A
Machine19    20       YES        9            0.001000     0 0 1 1 0 0 0 1 1
Machine20    20       YES        8            0.000000     1 1 1 0 0 1 0 0
Machine21    20       YES        11           0.001949     0 0 0 0 1 0 1 1 1 1 1
Machine22    20       YES        10           0.001010     0 0 1 0 1 0 1 1 0 1
Machine23    20       YES        10           0.000000     0 1 0 0 0 0 1 0 1 0
Machine24    20       YES        10           0.000962     1 0 1 1 1 1 1 0 1 0
Machine25    20       YES        12           0.001984     0 1 0 1 0 1 0 1 0 0 1 0
Machine26    20       YES        11           0.001000     0 0 0 0 0 1 1 1 0 1 1
Machine27    20       YES        12           0.000000     1 1 1 1 1 1 0 0 1 0 1 1
Machine28    20       YES        9            0.001001     0 0 0 0 0 0 0 0 0
Machine29    20       YES        11           0.002511     0 1 1 1 1 1 0 1 1 1 0
Machine30    20       YES        10           0.001009     0 0 1 0 0 0 0 0 0 0
Machine31    20       YES        8            0.000979     1 1 1 1 0 1 1 1
Machine32    20       YES        9            0.000000     1 0 0 0 1 0 0 0 1
Machine33    20       YES        10           0.001000     0 0 1 0 0 0 0 0 1 1
Machine34    20       YES        6            0.000000     0 0 0 1 0 1
Machine35    20       YES        12           0.001001     1 1 1 0 1 1 0 1 1 0 1 1
Machine36    20       YES        9            0.000000     0 0 0 1 1 1 0 0 1
Machine37    20       YES        8            0.001015     0 1 0 0 1 0 0 1
Machine38    20       YES        9            0.000999     1 1 0 1 1 0 1 1 0
Machine39    20       YES        15           0.012014     1 0 1 1 1 0 0 1 0 0 1 0 1 0 1
Machine40    20       YES        10           0.000998     1 1 1 1 0 0 1 1 1 1
Machine41    20       YES        8            0.000000     0 0 1 1 1 0 1 1
Machine42    20       YES        10           0.000000     1 1 1 1 0 1 0 0 0 0
Machine43    20       YES        8            0.001000     0 0 0 0 0 1 1 1
Machine44    20       YES        12           0.000999     0 0 0 0 0 1 1 1 1 1 0 0
Machine45    20       YES        9            0.001011     0 1 0 0 1 1 1 1 1
Machine46    20       YES        8            0.000000     0 0 0 0 0 0 1 1
Machine47    20       YES        12           0.001003     0 0 0 1 1 0 0 1 1 1 0 1
Machine48    20       YES        13           0.003001     0 1 1 1 1 1 1 0 1 1 1 1 1
Machine49    20       YES        7            0.001011     0 0 0 1 0 0 0
Machine50    20       YES        13           0.002995     0 0 1 0 1 1 0 0 1 0 1 1 1
Machine51    20       YES        7            0.000000     1 0 1 0 0 0 1
Machine52    20       YES        11           0.002026     0 0 0 0 0 0 1 0 0 0 0
Machine53    20       YES        9            0.000999     1 0 0 1 1 0 1 1 1
Machine54    20       YES        8            0.000000     1 1 0 1 0 1 1 0
Machine55    20       YES        13           0.001995     0 0 1 0 0 1 0 0 1 0 0 1 0
Machine56    20       YES        10           0.000000     0 1 0 0 0 1 1 1 1 0
Machine57    20       YES        12           0.001002     0 1 1 0 1 1 1 0 1 0 0 0
Machine58    20       YES        13           0.001984     0 0 0 1 0 0 0 0 1 0 0 1 1
Machine59    20       YES        11           0.001986     1 0 0 0 1 1 1 1 0 0 0
Machine60    20       YES        10           0.000000     0 0 0 1 0 1 1 1 0 1
Machine61    20       YES        12           0.001998     0 0 1 1 0 0 0 0 0 0 0 0
Machine62    20       YES        9            0.000999     1 1 1 0 0 1 1 0 1
Machine63    20       YES        11           0.001003     0 0 0 0 0 0 0 0 0 0 0
Machine64    20       YES        7            0.000997     0 0 1 1 0 1 1
Machine65    20       YES        8            0.000000     0 0 0 1 0 1 1 1
Machine66    20       YES        18           0.002020     1 0 1 0 1 0 1 0 1 0 0 1 1 1 1 0 0 0
Machine67    20       YES        12           0.001000     0 1 1 1 0 1 0 1 1 1 0 1
Machine68    20       YES        7            0.001009     0 1 0 1 1 0 0
Machine69    20       YES        7            0.001246     0 1 0 0 1 1 0
Machine70    20       YES        7            0.000000     0 0 1 1 1 1 0
Machine71    20       YES        10           0.000000     1 1 1 1 0 0 1 1 1 0
Machine72    20       YES        9            0.001007     1 0 0 0 0 0 0 0 0
Machine73    20       YES        10           0.001040     0 1 1 0 0 0 0 0 0 0
Machine74    20       YES        14           0.002501     0 1 0 0 0 0 0 0 1 1 0 1 1 0
Machine75    20       YES        10           0.001000     0 0 1 1 1 1 1 0 1 1
Machine76    20       YES        6            0.000000     0 1 0 0 0 1
Machine77    20       YES        10           0.001145     0 0 0 0 1 1 0 1 0 0
Machine78    20       YES        7            0.000000     0 0 0 0 0 0 0
Machine79    20       YES        10           0.001447     1 1 1 0 1 1 0 1 1 0
Machine80    20       YES        8            0.000000     0 0 1 1 0 1 1 1
Machine81    20       YES        14           0.003011     1 0 1 1 0 1 0 0 1 1 0 1 1 1
Machine82    20       YES        10           0.001329     0 0 0 0 1 0 1 0 0 0
Machine83    20       YES        12           0.002192     0 0 0 1 1 1 1 1 1 1 1 1
Machine84    20       YES        14           0.002489     0 0 1 0 0 0 1 1 1 0 1 0 0 0
Machine85    20       YES        13           0.002235     0 1 0 1 0 1 0 1 1 0 1 0 1
Machine86    20       YES        10           0.001260     1 1 1 1 0 1 0 0 0 0
Machine87    20       YES        6            0.000000     0 0 0 0 0 0
Machine88    20       YES        9            0.001014     0 1 1 0 1 1 0 1 1
Machine89    20       YES        9            0.001251     0 0 0 1 0 0 1 0 0
Machine90    20       YES        12           0.003283     0 1 0 1 1 1 0 1 0 1 1 1
Machine91    20       YES        8            0.001014     0 0 0 0 1 0 0 1
Machine92    20       YES        8            0.001315     1 1 0 1 1 1 1 1
Machine93    20       YES        12           0.001362     0 0 1 1 1 1 0 1 1 0 1 1
Machine94    20       YES        9            0.000000     0 0 0 1 1 1 0 0 0
Machine95    20       YES        11           0.001308     0 1 0 1 0 1 1 0 1 0 1
Machine96    20       YES        9            0.001999     1 1 1 1 0 0 0 0 1
Machine97    20       YES        12           0.001268     1 1 0 0 1 1 1 0 0 1 0 1
Machine98    20       YES        9            0.001109     0 1 0 0 0 0 0 0 0
Machine99    20       YES        13           0.000000     0 1 0 1 0 1 1 0 0 1 1 0 1
Machine100   20       YES        9            0.001486     0 0 0 0 1 0 0 0 1
Machine101   20       YES        9            0.001263     1 0 0 0 0 0 1 1 0
Machine102   20       YES        9            0.001020     1 0 1 1 0 1 1 0 1
Machine103   20       YES        7            0.001425     0 1 1 1 1 1 1
Machine104   20       YES        10           0.001020     0 0 0 1 1 1 0 0 0 1
Machine105   20       YES        5            0.000000     0 0 0 0 0
Machine106   20       YES        11           0.001005     0 0 1 1 1 1 0 0 0 1 1
Machine107   20       YES        12           0.003687     0 0 0 0 0 0 0 0 1 0 1 1
Machine108   20       YES        9            0.000000     0 0 0 0 0 0 1 0 0
Machine109   20       YES        9            0.001293     0 0 1 0 1 1 0 0 0
Machine110   20       YES        9            0.001248     1 1 0 0 0 0 0 0 0
Machine111   20       YES        9            0.000999     1 0 1 0 0 1 0 0 0
Machine112   20       YES        9            0.001499     0 1 0 1 0 0 1 1 0
Machine113   20       YES        9            0.001017     0 0 0 0 1 0 0 1 0
Machine114   20       YES        15           0.005528     0 1 1 0 1 0 1 0 0 1 1 0 0 1 1
Machine115   20       YES        10           0.000994     0 0 0 0 0 1 1 1 0 0
Machine116   20       YES        13           0.007615     1 1 1 1 0 1 0 1 1 1 1 0 1
Machine117   20       YES        7            0.000000     1 1 1 1 1 0 0
Machine118   20       YES        12           0.004014     0 0 1 1 1 1 1 1 1 1 1 1
Machine119   20       YES        17           0.014156     1 0 1 0 0 0 0 1 0 0 1 0 0 1 1 0 0
Machine120   20       YES        8            0.001277     1 1 0 1 1 0 1 1
Machine121   20       YES        11           0.001909     0 0 0 1 1 0 1 0 0 0 0
Machine122   20       YES        12           0.001997     0 1 0 0 1 1 0 1 1 0 0 1
Machine123   20       YES        11           0.002332     0 0 0 0 0 1 0 1 0 0 0
Machine124   20       YES        10           0.000000     0 0 1 0 1 0 1 1 0 0
Machine125   20       YES        10           0.001262     0 0 0 0 1 0 1 1 1 1
Machine126   20       YES        10           0.002004     1 0 0 0 0 1 1 1 0 0
Machine127   20       YES        13           0.001426     0 1 1 0 1 1 1 0 0 1 0 1 0
Machine128   20       YES        7            0.000000     0 0 1 1 1 1 0
Machine129   20       YES        9            0.000000     0 0 0 0 1 0 0 0 0
Machine130   20       YES        10           0.000000     0 0 1 0 1 1 0 0 0 0
Machine131   20       YES        9            0.000994     1 0 1 0 1 0 1 0 1
Machine132   20       YES        13           0.001149     0 0 0 0 0 0 1 1 0 0 0 0 0
Machine133   20       YES        11           0.001014     0 0 1 1 0 1 0 1 0 0 0
Machine134   20       YES        10           0.001012     0 1 1 0 1 1 0 1 0 0
Machine135   20       YES        11           0.000998     0 0 1 1 1 0 1 0 0 1 1
Machine136   20       YES        9            0.001064     1 1 0 0 1 0 1 1 0
Machine137   20       YES        12           0.003001     1 0 1 1 0 1 0 1 0 1 0 1
Machine138   20       YES        13           0.003475     0 0 0 0 1 0 1 1 1 0 0 1 1
Machine139   20       YES        13           0.002259     0 1 1 1 1 1 0 0 1 1 1 1 0
Machine140   20       YES        11           0.003002     1 1 1 0 1 0 0 0 0 0 0
Machine141   20       YES        10           0.000998     1 1 0 0 1 0 1 0 1 0
Machine142   20       YES        8            0.000000     0 1 0 1 0 1 0 1
Machine143   20       YES        11           0.001211     0 0 0 0 1 1 0 1 1 0 0
Machine144   20       YES        11           0.001451     1 1 1 0 1 0 1 1 0 1 1
Machine145   20       YES        9            0.001292     1 0 0 1 1 0 0 0 0
Machine146   20       YES        9            0.000000     0 1 0 0 1 1 0 0 1
Machine147   20       YES        13           0.003152     0 1 1 0 0 1 0 1 1 0 1 1 0
Machine148   20       YES        5            0.000000     1 1 1 1 0
Machine149   20       YES        12           0.002010     0 0 1 0 0 0 1 1 0 1 0 0
Machine150   20       YES        11           0.001511     0 0 1 1 1 0 0 0 1 1 1
Machine151   20       YES        10           0.001013     0 0 1 1 0 1 1 1 1 1
Machine152   20       YES        14           0.002457     1 1 0 0 1 0 0 1 0 0 1 0 0 0
Machine153   20       YES        7            0.000000     0 0 0 0 0 0 0
Machine154   20       YES        8            0.000000     0 0 1 1 0 0 0 0
Machine155   20       YES        9            0.001500     1 1 1 0 0 0 1 1 1
Machine156   20       YES        10           0.002473     0 0 1 1 0 0 1 1 0 0
Machine157   20       YES        5            0.000000     0 1 0 1 0
Machine158   20       YES        12           0.002087     1 1 1 1 1 0 1 0 0 1 1 1
Machine159   20       YES        11           0.001007     0 0 0 0 1 0 1 0 1 0 1
Machine160   20       YES        8            0.000997     1 0 1 0 1 0 1 0
Machine161   20       YES        9            0.001469     1 1 1 1 1 1 1 1 1
Machine162   20       YES        8            0.001445     0 0 0 0 1 0 0 0
Machine163   20       YES        6            0.000000     1 1 1 1 1 1
Machine164   20       YES        11           0.001201     0 1 0 0 0 1 0 0 0 1 0
Machine165   20       YES        12           0.004005     1 0 1 0 1 1 1 1 0 1 1 1
Machine166   20       YES        12           0.001026     0 0 1 0 1 0 0 0 0 0 0 0
Machine167   20       YES        11           0.001119     0 0 1 0 1 0 0 1 1 1 1
Machine168   20       YES        10           0.002020     1 0 0 1 0 1 1 1 1 1
Machine169   20       YES        9            0.000000     0 0 0 1 0 0 1 1 0
Machine170   20       YES        7            0.000000     0 0 1 0 0 1 0
Machine171   20       YES        14           0.002995     0 1 1 1 0 0 1 0 1 0 1 0 1 0
Machine172   20       YES        11           0.001010     0 1 0 0 1 0 1 0 1 0 1
Machine173   20       YES        11           0.001011     0 1 0 1 0 0 1 0 0 1 0
Machine174   20       YES        11           0.001009     1 0 0 0 1 1 1 1 1 0 0
Machine175   20       YES        8            0.001001     1 1 0 1 0 1 1 1
Machine176   20       YES        15           0.002011     0 1 0 1 1 1 0 1 1 1 0 1 1 1 0
Machine177   20       YES        9            0.001000     1 1 0 1 1 0 1 1 1
Machine178   20       YES        9            0.000000     1 1 0 1 1 0 1 1 1
Machine179   20       YES        15           0.003002     0 0 0 0 0 0 0 1 0 0 1 0 1 0 0
Machine180   20       YES        9            0.000000     0 0 0 1 1 0 1 1 0
Machine181   20       YES        8            0.000000     0 0 0 0 1 0 0 0
Machine182   20       YES        12           0.000999     0 0 0 0 0 0 0 0 1 0 1 1
Machine183   20       YES        14           0.001058     0 1 1 0 1 1 0 1 0 0 0 1 0 0
Machine184   20       YES        8            0.000000     0 0 0 0 0 1 0 1
Machine185   20       YES        6            0.000000     0 1 0 1 0 0
Machine186   20       YES        8            0.000991     1 0 1 0 0 1 1 1
Machine187   20       NO         N/A          N/A          N/A
Machine188   20       YES        5            0.000000     1 1 1 1 1
Machine189   20       YES        9            0.000000     1 1 1 0 0 1 1 1 0
Machine190   20       YES        9            0.001009     0 0 0 0 0 0 0 0 0
Machine191   20       YES        11           0.001042     0 0 1 0 1 1 0 1 0 0 1
Machine192   20       YES        10           0.001009     0 1 1 1 1 1 1 0 1 0
Machine193   20       YES        10           0.000000     0 0 0 0 0 1 1 0 1 0
Machine194   20       YES        7            0.001017     0 1 1 1 1 1 1
Machine195   20       YES        10           0.001943     0 1 0 0 1 0 0 1 0 0
Machine196   20       YES        9            0.000000     0 0 0 0 0 1 1 1 0
Machine197   20       YES        12           0.001040     0 0 1 1 1 0 0 1 0 1 0 1
Machine198   20       YES        9            0.000000     1 0 1 1 0 0 1 0 0
Machine199   20       YES        10           0.000999     0 1 1 1 1 0 1 1 1 1
Machine200   20       YES        9            0.000000     1 0 1 0 0 1 1 0 1
Machine201   20       NO         N/A          N/A          N/A
Machine202   20       YES        9            0.000994     1 0 1 1 0 0 1 0 1
Machine203   20       YES        9            0.001995     1 1 0 1 1 1 1 1 1
Machine204   20       YES        9            0.001000     0 0 0 0 0 0 1 0 0
Machine205   20       YES        12           0.002010     0 0 0 0 1 0 1 0 0 0 0 0
Machine206   20       YES        17           0.000988     0 0 0 0 0 1 1 0 1 0 0 0 1 0 0 0 0
Machine207   20       YES        10           0.000000     0 0 0 1 0 1 0 0 0 0
Machine208   20       YES        9            0.001010     0 0 1 1 0 1 1 0 0
Machine209   20       YES        10           0.000990     1 0 1 0 1 0 1 0 1 0
Machine210   20       YES        9            0.001004     0 0 0 1 1 0 0 1 0
Machine211   20       YES        11           0.002000     1 0 0 1 1 1 1 0 0 0 0
Machine212   20       YES        8            0.000995     1 0 1 1 0 1 1 1
Machine213   20       YES        7            0.000000     0 1 0 0 1 1 1
Machine214   20       YES        9            0.000973     0 0 0 1 0 0 0 0 0
Machine215   20       YES        9            0.000000     1 0 1 1 0 1 0 1 0
Machine216   20       YES        9            0.001011     1 1 0 0 1 1 1 0 1
Machine217   20       YES        12           0.001000     1 0 0 0 1 0 1 1 0 1 1 0
Machine218   20       YES        7            0.000992     1 1 0 0 0 0 0
Machine219   20       NO         N/A          N/A          N/A
Machine220   20       YES        9            0.000000     1 1 1 0 0 1 0 1 1
Machine221   20       YES        7            0.001002     0 0 0 0 0 0 0
Machine222   20       YES        9            0.000000     0 1 1 0 0 0 1 0 0
Machine223   20       YES        9            0.000000     0 1 0 0 1 0 0 1 0
Machine224   20       YES        11           0.003048     1 1 1 1 0 1 0 1 1 0 1
Machine225   20       YES        9            0.000993     0 1 0 1 1 1 0 1 1
Machine226   20       YES        9            0.000000     1 1 0 1 0 0 1 0 1
Machine227   20       YES        9            0.000000     0 0 1 1 0 0 1 0 0
Machine228   20       YES        6            0.000000     0 0 0 0 0 1
Machine229   20       YES        8            0.000000     1 1 1 0 1 1 1 0
Machine230   20       YES        8            0.000998     0 0 0 0 0 1 1 1
Machine231   20       YES        10           0.000999     0 0 1 1 0 1 0 0 0 0
Machine232   20       YES        9            0.000993     0 0 1 0 0 1 0 0 0
Machine233   20       YES        9            0.001051     1 1 1 0 1 1 0 0 0
Machine234   20       YES        8            0.000946     0 0 0 0 0 1 1 1
Machine235   20       YES        8            0.000000     0 0 0 0 1 0 0 0
Machine236   20       YES        9            0.001001     0 0 0 1 1 0 0 0 0
Machine237   20       YES        10           0.000999     1 1 1 1 1 1 1 1 0 1
Machine238   20       YES        7            0.000000     0 1 1 0 0 0 0
Machine239   20       YES        12           0.002000     0 0 1 1 1 1 1 0 1 1 1 0
Machine240   20       YES        11           0.001000     1 1 0 0 1 1 1 0 1 1 1
Machine241   20       YES        10           0.001001     0 0 0 1 1 1 0 0 0 1
Machine242   20       YES        9            0.001009     0 0 0 0 1 0 1 1 0
Machine243   20       YES        12           0.001001     0 1 0 1 0 1 1 0 1 0 1 1
Machine244   20       YES        15           0.005997     1 1 0 0 0 1 0 1 0 0 1 1 1 1 0
Machine245   20       YES        9            0.000000     0 0 1 1 0 0 0 0 0
Machine246   20       YES        13           0.001568     0 0 0 0 1 0 0 1 0 1 1 1 0
Machine247   20       YES        10           0.001014     1 0 1 0 1 0 1 0 1 0
Machine248   20       YES        11           0.002017     0 0 0 1 0 0 1 0 1 0 0
Machine249   20       YES        6            0.000000     0 0 0 0 0 0
Machine250   20       YES        12           0.000999     0 0 1 0 1 1 0 1 0 0 1 1
Machine251   20       YES        10           0.001002     0 1 1 0 1 1 0 1 1 0
Machine252   20       YES        10           0.001012     0 1 1 1 1 1 0 1 0 1
Machine253   20       YES        8            0.000000     1 1 0 0 0 1 1 0
Machine254   20       YES        12           0.002014     1 1 0 1 1 1 0 1 0 0 0 0
Machine255   20       YES        8            0.000000     1 1 0 1 0 0 0 1
Machine256   20       YES        10           0.000000     0 0 0 0 0 0 1 0 0 1
Machine257   20       YES        9            0.000998     0 0 0 0 0 0 0 0 0
Machine258   20       YES        15           0.005002     1 0 0 0 0 0 0 0 1 1 1 0 0 0 0
Machine259   20       YES        10           0.000999     0 0 1 1 1 0 1 1 1 1
Machine260   20       YES        9            0.000000     1 0 1 0 0 1 1 0 1
Machine261   20       YES        10           0.001001     0 0 0 0 1 0 0 1 0 0
Machine262   20       YES        10           0.001001     0 1 0 1 0 1 0 1 0 1
Machine263   20       YES        9            0.001001     1 0 0 1 0 0 1 0 0
Machine264   20       YES        10           0.001003     0 1 0 0 0 0 0 0 1 0
Machine265   20       YES        13           0.000996     0 0 1 0 1 0 1 0 1 0 1 0 1
Machine266   20       YES        8            0.000000     0 1 1 0 1 0 1 1
Machine267   20       YES        13           0.002015     0 0 0 0 0 0 0 1 1 1 1 0 1
Machine268   20       YES        8            0.000000     0 1 1 1 1 1 0 1
Machine269   20       YES        8            0.000993     1 1 0 1 0 1 0 1
Machine270   20       YES        7            0.001033     1 1 1 0 0 0 0
Machine271   20       YES        8            0.000958     0 0 0 0 0 0 0 0
Machine272   20       YES        5            0.000000     0 0 0 0 0
Machine273   20       YES        9            0.000000     1 1 0 1 0 0 1 0 1
Machine274   20       YES        9            0.001040     1 1 1 1 1 1 1 1 1
Machine275   20       YES        11           0.002008     1 1 0 0 1 0 1 1 0 1 1
Machine276   20       YES        13           0.002007     0 0 0 1 1 0 1 0 1 1 0 1 0
Machine277   20       YES        8            0.000998     0 0 0 1 0 0 1 0
Machine278   20       YES        7            0.000000     0 0 0 1 1 1 1
Machine279   20       YES        11           0.000999     1 1 1 0 0 0 1 0 1 1 1
Machine280   20       YES        14           0.004980     0 1 1 1 1 0 0 0 0 0 0 0 0 0
Machine281   20       YES        11           0.000000     0 0 1 0 0 0 1 0 0 0 1
Machine282   20       YES        10           0.001080     0 1 0 1 0 1 0 1 0 0
Machine283   20       YES        8            0.000000     0 1 1 0 1 1 0 1
Machine284   20       YES        11           0.001029     0 0 0 1 0 0 0 0 1 0 0
Machine285   20       YES        6            0.001037     0 0 0 0 0 0
Machine286   20       YES        10           0.000963     0 0 1 1 1 0 0 1 1 1
Machine287   20       YES        9            0.001005     0 0 0 0 1 0 1 0 0
Machine288   20       YES        6            0.000000     0 1 0 1 0 1
Machine289   20       YES        12           0.002012     0 0 0 1 0 0 0 0 0 1 0 1
Machine290   20       YES        12           0.003013     1 0 1 1 0 0 0 0 1 1 0 0
Machine291   20       YES        9            0.001010     0 1 0 0 1 1 0 1 0
Machine292   20       YES        10           0.000000     0 0 0 0 0 0 0 1 1 0
Machine293   20       YES        6            0.000000     1 1 1 0 0 0
Machine294   20       YES        8            0.000000     0 0 0 0 1 0 1 0
Machine295   20       YES        11           0.002006     1 0 0 1 0 1 1 0 0 0 0
Machine296   20       YES        5            0.000000     1 0 0 1 0
Machine297   20       YES        7            0.000000     1 1 0 1 1 1 1
Machine298   20       YES        11           0.000000     0 1 0 1 1 1 1 0 1 1 0
Machine299   20       YES        12           0.005965     1 1 1 0 0 0 1 1 0 1 1 1
Machine300   20       YES        11           0.000998     1 0 0 1 0 1 0 0 0 1 0
Machine301   40       YES        12           0.016008     1 1 1 1 1 1 1 1 1 1 1 1
Machine302   40       YES        16           0.038023     0 1 0 0 0 0 0 1 0 1 0 0 0 1 1 0
Machine303   40       YES        15           0.025555     0 0 1 1 1 1 1 0 0 1 1 1 0 1 0
Machine304   40       YES        11           0.003010     1 0 1 1 1 0 1 1 1 0 0
Machine305   40       YES        13           0.005011     1 0 1 0 1 0 1 1 0 1 1 0 1
Machine306   40       YES        22           1.651815     1 1 1 1 1 1 0 1 0 1 0 1 0 1 0 1 0 1 0 1 0 1
Machine307   40       YES        12           0.007541     0 1 0 1 1 1 1 1 1 1 1 1
Machine308   40       YES        15           0.020000     1 0 1 1 0 0 0 1 1 1 1 0 1 0 1
Machine309   40       YES        18           0.052552     0 0 1 0 0 1 0 1 1 0 0 0 0 1 1 1 0 0
Machine310   40       YES        14           0.017000     0 0 0 0 1 1 1 0 0 0 0 0 0 0
Machine311   40       YES        15           0.011997     0 0 1 0 1 1 1 1 0 0 0 0 1 1 1
Machine312   40       YES        18           0.124551     1 0 1 1 1 1 0 1 0 1 0 1 0 1 0 1 0 0
Machine313   40       YES        11           0.004993     1 0 0 1 1 0 1 0 0 0 0
Machine314   40       YES        12           0.012011     1 1 1 1 0 0 0 1 1 0 0 1
Machine315   40       YES        17           0.110589     0 1 1 0 0 1 0 1 1 0 0 0 1 1 0 0 1
Machine316   40       YES        16           0.044543     0 0 0 1 1 0 0 0 1 1 1 0 0 1 0 0
Machine317   40       YES        20           0.220112     1 1 0 0 0 0 1 1 0 0 1 1 1 0 0 0 1 0 0 0
Machine318   40       YES        13           0.013525     0 1 1 1 0 0 1 0 1 0 1 1 1
Machine319   40       YES        21           0.303664     0 0 0 0 0 0 0 1 1 1 0 1 0 1 0 0 1 0 1 0 1
Machine320   40       YES        17           0.035557     0 1 1 0 1 1 0 0 1 0 1 0 1 0 1 0 1
Machine321   40       YES        14           0.027032     0 1 0 0 0 1 0 0 1 0 0 1 0 0
Machine322   40       YES        18           0.123569     1 0 0 0 1 0 0 1 1 0 0 0 1 0 0 1 1 1
Machine323   40       YES        18           0.126973     0 0 0 0 0 0 1 0 1 0 0 0 0 0 0 0 0 1
Machine324   40       YES        15           0.041005     1 0 1 0 0 1 1 0 1 1 0 1 0 1 1
Machine325   40       YES        19           0.168095     0 1 0 0 0 1 1 1 0 1 1 1 0 1 1 0 0 1 1
Machine326   40       YES        13           0.017013     1 1 1 1 1 1 1 1 1 1 1 1 1
Machine327   40       YES        11           0.004515     1 0 0 1 0 1 1 0 1 1 1
Machine328   40       YES        13           0.024001     1 0 1 1 0 1 0 1 0 1 0 1 0
Machine329   40       YES        13           0.012002     1 1 1 1 1 1 1 0 0 0 0 0 0
Machine330   40       YES        22           0.725677     0 0 1 0 1 1 0 0 1 0 1 1 0 1 0 1 1 0 0 1 1 0
Machine331   40       YES        18           0.237053     1 0 1 0 0 0 1 0 1 0 1 0 1 0 1 0 1 0
Machine332   40       YES        18           0.096994     0 0 0 0 0 0 0 0 1 0 1 0 0 0 0 0 0 0
Machine333   40       YES        13           0.005997     0 0 0 1 0 0 1 0 0 1 1 0 0
Machine334   40       YES        16           0.031996     0 1 1 0 0 1 1 0 1 1 1 1 0 1 0 1
Machine335   40       YES        12           0.004008     0 1 0 0 0 0 1 0 0 0 0 0
Machine336   40       YES        14           0.006011     0 0 0 0 0 0 0 0 0 1 1 0 1 1
Machine337   40       YES        12           0.005996     0 0 0 0 0 0 0 1 0 1 0 0
Machine338   40       YES        10           0.001000     1 0 1 1 0 1 0 0 1 0
Machine339   40       YES        17           0.032635     0 1 0 1 0 0 1 1 1 0 1 0 0 1 0 1 1
Machine340   40       YES        15           0.014295     1 0 0 0 0 1 0 0 1 1 0 0 0 1 1
Machine341   40       YES        16           0.057578     1 1 0 1 1 1 1 1 1 0 1 1 1 1 0 0
Machine342   40       YES        12           0.008520     1 1 1 0 1 0 0 0 1 1 1 1
Machine343   40       YES        13           0.006010     0 0 1 0 1 0 0 1 0 1 0 0 1
Machine344   40       YES        16           0.058278     0 0 1 1 0 0 0 1 1 0 1 0 1 0 1 0
Machine345   40       YES        11           0.005481     1 1 1 0 0 1 0 0 1 1 0
Machine346   40       YES        14           0.011009     1 0 1 0 0 1 1 1 1 1 1 0 0 1
Machine347   40       YES        15           0.014997     0 0 0 1 0 0 1 1 1 0 0 0 1 1 1
Machine348   40       YES        13           0.015996     0 0 1 1 1 0 1 1 1 0 1 0 0
Machine349   40       YES        18           0.041530     1 0 0 1 0 0 1 0 0 1 0 0 1 0 0 1 0 0
Machine350   40       YES        17           0.064532     0 0 0 1 0 1 0 1 0 0 1 0 0 0 0 1 1
Machine351   40       YES        17           0.057966     0 1 1 1 0 1 1 1 0 0 0 1 0 0 1 1 0
Machine352   40       YES        18           0.204567     0 0 1 0 0 1 0 0 0 0 1 0 0 0 0 0 0 0
Machine353   40       YES        20           0.110819     0 0 0 1 1 1 0 1 1 1 1 0 0 1 1 1 0 0 0 1
Machine354   40       YES        15           0.039010     0 0 0 1 1 1 1 0 0 1 1 0 0 0 0
Machine355   40       YES        10           0.003415     1 0 0 1 0 0 0 0 0 0
Machine356   40       YES        13           0.007002     0 0 1 0 0 1 1 0 1 1 0 1 1
Machine357   40       YES        13           0.006998     0 0 0 0 0 1 0 0 0 1 0 0 0
Machine358   40       YES        17           0.054002     1 1 1 1 1 1 1 1 1 1 1 0 0 0 1 1 1
Machine359   40       YES        15           0.014005     1 0 0 0 0 1 1 0 1 1 0 1 1 0 1
Machine360   40       YES        18           0.158171     1 1 0 1 1 0 1 1 0 0 0 0 1 1 1 1 1 0
Machine361   40       YES        18           0.009154     0 0 1 0 0 0 1 0 0 1 1 0 1 0 0 0 1 0
Machine362   40       YES        15           0.009002     0 0 0 1 0 1 0 0 0 0 0 0 1 0 0
Machine363   40       YES        14           0.011999     0 0 0 1 0 1 1 0 0 1 0 1 0 1
Machine364   40       YES        12           0.008023     0 0 0 0 0 0 1 0 0 1 1 0
Machine365   40       YES        15           0.049161     1 0 0 1 0 0 1 0 1 0 0 0 0 0 0
Machine366   40       YES        17           0.047002     0 0 1 0 0 1 0 0 1 1 1 1 1 0 1 0 1
Machine367   40       YES        16           0.018713     1 0 1 0 1 0 1 1 0 1 1 0 1 1 0 1
Machine368   40       YES        14           0.012997     1 0 0 0 0 1 1 1 0 0 1 1 0 1
Machine369   40       YES        15           0.018804     0 0 0 1 0 1 0 0 0 0 1 1 0 0 0
Machine370   40       YES        13           0.009002     1 1 1 1 1 1 1 1 1 1 1 1 1
Machine371   40       YES        20           0.138135     1 1 0 1 1 1 0 0 1 0 0 0 1 1 1 0 0 0 1 1
Machine372   40       YES        17           0.026004     0 0 1 1 0 0 1 0 0 1 0 0 0 1 0 0 1
Machine373   40       YES        14           0.016060     0 1 1 0 1 1 1 0 1 1 0 0 0 1
Machine374   40       YES        20           0.340118     1 1 1 1 1 1 1 1 0 1 1 1 1 0 1 0 1 1 0 1
Machine375   40       YES        16           0.069180     0 1 0 0 1 0 1 1 1 0 0 0 0 1 0 0
Machine376   40       YES        19           0.136335     1 0 0 0 1 0 0 1 0 0 1 0 1 0 0 0 0 1 0
Machine377   40       YES        13           0.007998     1 0 0 0 0 1 0 0 1 0 1 0 0
Machine378   40       YES        17           0.008001     0 0 0 0 0 0 1 0 0 1 1 0 0 1 1 0 0
Machine379   40       YES        16           0.039007     1 0 1 0 0 0 0 0 1 1 1 1 1 0 0 0
Machine380   40       YES        11           0.005999     0 0 0 1 0 0 0 0 0 0 0
Machine381   40       YES        12           0.006999     0 0 0 0 0 0 1 1 0 1 0 1
Machine382   40       YES        15           0.016000     0 1 1 0 1 1 0 1 1 0 1 0 1 0 1
Machine383   40       YES        10           0.003997     1 1 1 0 1 1 0 0 0 0
Machine384   40       YES        13           0.019000     0 0 1 1 1 1 1 0 1 0 1 1 0
Machine385   40       YES        15           0.025008     1 1 0 1 0 0 1 0 1 0 1 1 1 0 1
Machine386   40       YES        20           0.182194     0 1 0 0 0 1 1 1 1 0 0 1 1 1 1 1 1 1 1 1
Machine387   40       YES        21           0.433635     0 1 1 1 0 0 0 1 0 0 0 1 0 0 0 0 1 1 0 1 0
Machine388   40       YES        10           0.004242     0 1 1 1 1 1 1 1 0 0
Machine389   40       YES        17           0.026323     1 0 0 1 1 0 0 0 0 0 0 1 0 0 1 1 0
Machine390   40       YES        14           0.015540     0 1 0 0 0 0 1 0 0 0 0 1 0 1
Machine391   40       YES        11           0.003093     0 0 1 0 0 0 1 0 0 1 0
Machine392   40       YES        13           0.012526     1 0 1 0 1 0 1 0 0 0 1 0 1
Machine393   40       YES        16           0.029505     0 0 0 1 0 1 1 1 1 0 1 0 1 1 1 1
Machine394   40       YES        14           0.006330     0 0 1 1 1 0 1 0 1 0 1 1 1 0
Machine395   40       YES        17           0.060737     0 0 0 0 1 1 1 1 1 0 1 0 1 0 1 0 0
Machine396   40       YES        15           0.024020     0 1 0 1 0 0 0 0 0 1 1 1 1 0 0
Machine397   40       YES        18           0.078588     1 1 1 0 1 0 0 1 1 1 0 1 1 1 0 0 0 0
Machine398   40       YES        18           0.064649     0 1 0 1 0 1 1 0 0 1 0 1 1 0 1 1 0 0
Machine399   40       YES        18           0.071103     0 0 1 1 0 1 1 0 1 1 0 1 0 1 0 1 0 0
Machine400   40       YES        16           0.098929     0 0 1 1 1 1 1 1 1 0 0 1 1 1 1 0
Machine401   40       YES        12           0.002494     1 0 0 0 0 1 1 1 0 1 0 1
Machine402   40       YES        16           0.009265     0 0 1 1 0 1 0 1 0 1 0 1 0 1 0 0
Machine403   40       YES        13           0.011996     0 0 0 1 0 1 0 1 0 1 0 1 0
Machine404   40       YES        20           0.232810     1 1 0 1 1 0 1 0 0 0 1 0 0 0 1 0 0 0 1 0
Machine405   40       YES        18           0.062287     1 0 0 1 1 0 0 1 1 0 0 1 1 0 0 0 0 0
Machine406   40       YES        13           0.037434     1 1 1 1 1 1 1 1 1 1 1 1 1
Machine407   40       YES        13           0.013041     0 1 1 1 1 1 0 0 0 1 1 1 1
Machine408   40       YES        14           0.025331     1 1 1 0 0 1 1 1 1 1 1 0 0 0
Machine409   40       YES        15           0.039279     0 0 1 1 1 1 1 1 0 0 0 0 0 0 0
Machine410   40       YES        18           0.130337     0 1 0 0 1 0 1 1 0 0 0 0 1 0 0 1 1 0
Machine411   40       YES        12           0.010917     0 1 1 0 1 0 0 0 1 0 1 0
Machine412   40       YES        14           0.031409     0 1 0 1 0 1 0 1 0 1 0 0 0 0
Machine413   40       NO         N/A          N/A          N/A
Machine414   40       YES        18           0.122391     0 0 1 1 1 0 1 1 0 1 1 0 1 1 0 0 0 1
Machine415   40       NO         N/A          N/A          N/A
Machine416   40       YES        16           0.020534     0 0 1 1 0 0 0 1 0 1 1 1 1 0 0 0
Machine417   40       YES        14           0.010003     0 0 1 0 0 1 0 0 1 0 0 1 0 0
Machine418   40       YES        10           0.001384     0 1 0 1 0 1 0 1 1 0
Machine419   40       YES        15           0.023379     0 0 1 0 1 0 0 0 0 0 1 0 1 1 1
Machine420   40       YES        15           0.042063     0 0 1 1 1 1 0 0 1 1 1 1 1 0 1
Machine421   40       YES        17           0.050846     0 1 1 0 1 0 0 1 1 1 0 1 0 0 1 0 1
Machine422   40       YES        12           0.006229     0 0 0 0 1 0 0 0 0 0 0 0
Machine423   40       YES        13           0.012671     1 1 1 0 1 1 0 1 1 0 1 1 0
Machine424   40       YES        15           0.015542     0 0 0 0 1 0 1 1 1 0 1 1 1 0 1
Machine425   40       YES        18           0.101975     0 0 0 0 0 0 0 0 0 0 0 0 0 0 0 0 0 0
Machine426   40       YES        15           0.011359     0 0 0 1 0 1 0 0 0 1 1 0 1 1 1
Machine427   40       YES        15           0.015285     1 0 0 0 1 0 1 1 1 0 1 1 1 0 1
Machine428   40       YES        18           0.012473     0 0 0 1 0 1 1 1 0 0 1 1 1 1 1 0 1 1
Machine429   40       YES        14           0.016926     1 1 1 0 1 1 1 0 0 1 1 1 0 0
Machine430   40       YES        19           0.339216     0 1 0 0 0 1 0 0 1 0 1 1 0 0 0 0 0 0 0
Machine431   40       YES        19           0.089802     0 1 0 1 0 1 0 0 1 0 0 0 1 1 1 1 0 1 0
Machine432   40       YES        14           0.009519     0 0 0 1 1 0 1 0 0 0 0 1 0 1
Machine433   40       YES        14           0.010230     0 1 0 1 0 0 1 0 1 0 0 1 1 1
Machine434   40       YES        14           0.011758     0 1 0 1 0 0 1 0 1 0 1 1 1 0
Machine435   40       YES        14           0.010989     0 0 0 0 0 0 0 0 0 0 0 0 0 0
Machine436   40       YES        13           0.008016     1 0 1 0 0 1 0 0 1 0 0 1 0
Machine437   40       YES        21           0.465030     0 0 1 0 0 1 1 0 0 0 0 0 1 1 0 0 0 0 0 1 1
Machine438   40       YES        16           0.020579     0 0 1 1 0 1 1 0 1 1 0 0 1 0 1 0
Machine439   40       YES        15           0.027804     1 1 1 1 0 1 1 1 0 1 0 1 1 0 0
Machine440   40       YES        13           0.009306     1 1 1 0 0 0 0 1 1 1 1 0 1
Machine441   40       YES        12           0.006410     0 0 0 1 0 0 0 0 0 0 1 0
Machine442   40       YES        8            0.001243     0 0 0 0 0 0 0 0
Machine443   40       YES        11           0.004125     0 0 0 0 0 0 0 1 1 1 0
Machine444   40       YES        13           0.012382     0 1 1 0 0 1 1 0 0 0 0 0 1
Machine445   40       YES        14           0.008425     0 0 0 1 0 1 1 1 0 1 1 1 0 1
Machine446   40       YES        17           0.101978     1 0 0 0 1 0 0 1 0 0 1 0 0 1 0 0 1
Machine447   40       YES        15           0.036464     1 0 0 1 1 1 0 0 0 1 0 1 1 0 0
Machine448   40       YES        14           0.020336     1 1 1 0 0 1 1 0 0 0 1 1 1 0
Machine449   40       YES        11           0.001009     0 0 0 0 0 0 1 0 1 0 1
Machine450   40       YES        12           0.007011     0 1 1 0 0 0 0 0 0 0 0 0
Machine451   40       YES        21           0.036015     0 0 0 0 0 1 1 0 0 0 1 0 0 1 1 0 1 1 0 0 0
Machine452   40       YES        16           0.052553     1 1 1 1 1 0 0 0 1 0 1 1 1 1 1 0
Machine453   40       YES        14           0.016998     0 0 0 1 0 0 0 1 0 0 0 1 0 0
Machine454   40       YES        13           0.005012     0 0 0 0 0 1 0 0 0 0 0 0 0
Machine455   40       YES        18           0.199791     0 0 1 0 1 0 0 1 0 1 1 1 1 1 0 0 1 0
Machine456   40       YES        17           0.039127     0 0 1 1 1 1 1 1 1 0 1 0 0 0 1 0 0
Machine457   40       YES        14           0.017999     0 0 0 1 0 1 0 1 0 1 0 1 0 1
Machine458   40       YES        14           0.019998     0 0 0 0 0 0 0 0 0 0 1 1 1 1
Machine459   40       YES        10           0.004000     0 0 0 1 0 0 0 1 1 1
Machine460   40       YES        17           0.054559     0 1 1 0 0 0 1 0 1 0 1 0 1 0 1 0 1
Machine461   40       YES        16           0.015000     0 0 0 1 0 1 0 0 1 0 1 1 1 1 1 1
Machine462   40       YES        14           0.009009     0 0 0 0 1 0 1 1 0 1 1 0 0 1
Machine463   40       YES        17           0.116569     0 0 1 1 0 1 0 1 0 1 0 1 1 1 1 1 1
Machine464   40       YES        17           0.037560     0 0 0 1 1 1 1 0 1 1 0 0 1 0 1 1 0
Machine465   40       YES        18           0.043026     1 1 1 1 1 0 0 1 1 1 0 1 0 1 0 0 1 1
Machine466   40       YES        13           0.011022     1 1 1 1 0 1 1 1 1 0 1 0 0
Machine467   40       YES        11           0.003012     0 0 1 1 0 1 0 1 0 1 0
Machine468   40       YES        22           2.608948     1 0 1 0 1 0 1 0 0 1 1 1 1 0 1 0 1 0 1 0 1 0
Machine469   40       YES        16           0.056017     1 0 1 0 1 0 1 1 1 1 0 1 0 1 0 0
Machine470   40       YES        17           0.067994     0 0 1 0 0 0 0 1 0 0 1 0 1 1 1 0 0
Machine471   40       YES        17           0.065530     0 0 0 0 0 0 0 1 1 1 0 0 0 0 0 0 1
Machine472   40       YES        14           0.009999     0 0 1 1 0 0 0 0 0 0 0 0 0 0
Machine473   40       YES        14           0.028544     0 0 1 0 0 1 1 1 1 0 1 1 0 1
Machine474   40       YES        15           0.017016     0 0 0 1 0 1 0 1 0 1 0 1 0 1 0
Machine475   40       YES        18           0.045002     1 0 0 1 0 0 0 1 0 0 0 1 1 1 0 1 0 1
Machine476   40       YES        12           0.002998     0 0 1 0 0 1 1 0 1 1 0 1
Machine477   40       YES        13           0.005013     0 0 0 1 1 1 0 0 1 0 0 0 1
Machine478   40       YES        13           0.009010     1 1 0 1 0 1 0 1 0 1 0 1 0
Machine479   40       YES        17           0.028997     0 0 0 1 1 1 1 0 0 1 0 1 0 1 1 1 1
Machine480   40       YES        17           0.041002     0 0 0 0 0 0 0 1 1 0 0 1 1 0 0 0 0
Machine481   40       YES        12           0.008004     1 1 0 0 0 0 0 0 1 0 0 0
Machine482   40       YES        13           0.003999     1 0 0 0 1 1 0 0 1 1 0 0 1
Machine483   40       YES        19           0.117571     1 1 0 1 0 0 0 1 1 0 1 1 1 1 1 0 1 1 1
Machine484   40       YES        15           0.011999     1 0 1 0 1 1 0 1 0 1 1 1 1 1 0
Machine485   40       YES        16           0.031267     1 0 1 0 1 1 0 0 0 0 0 1 1 1 1 0
Machine486   40       YES        17           0.060555     0 1 1 1 0 0 0 1 0 0 0 1 1 1 0 0 0
Machine487   40       YES        14           0.006997     1 1 0 1 1 1 0 1 0 0 1 0 1 1
Machine488   40       YES        15           0.019002     0 0 0 1 1 1 0 0 1 0 0 1 1 1 0
Machine489   40       YES        14           0.012026     0 0 1 1 1 1 0 0 0 0 1 1 0 0
Machine490   40       YES        14           0.008154     1 1 0 0 1 0 0 1 0 0 1 0 1 0
Machine491   40       YES        18           0.137944     1 1 0 0 1 1 0 0 1 0 0 0 0 1 1 0 0 1
Machine492   40       YES        19           0.250754     0 1 1 0 1 0 1 1 0 1 1 1 1 0 0 1 0 1 1
Machine493   40       YES        14           0.011722     1 0 1 1 1 0 0 0 0 1 1 1 0 1
Machine494   40       YES        25           0.236451     0 0 0 1 0 1 0 1 1 0 1 0 1 1 0 1 0 1 1 0 1 1 0 0 0
Machine495   40       YES        22           0.034001     0 0 0 0 1 0 0 1 1 1 0 0 1 1 0 1 0 1 1 1 0 1
Machine496   40       YES        12           0.005999     1 1 1 1 1 1 1 1 1 0 1 1
Machine497   40       YES        12           0.003999     0 0 0 1 0 0 1 1 1 1 0 1
Machine498   40       YES        13           0.007000     0 1 0 1 0 1 0 1 0 0 0 1 1
Machine499   40       YES        19           0.061520     0 0 0 0 1 0 0 1 1 0 1 0 1 0 1 1 0 0 1
Machine500   40       YES        16           0.049013     1 1 1 1 0 0 0 1 1 0 0 0 1 1 0 0
Machine501   40       YES        15           0.015513     0 1 0 0 0 0 0 0 1 0 1 1 0 0 0
Machine502   40       YES        11           0.003978     0 1 1 1 1 1 1 1 1 1 1
Machine503   40       YES        15           0.023998     0 0 1 1 0 1 1 0 0 0 1 0 1 1 1
Machine504   40       YES        14           0.009002     0 0 0 1 1 0 1 0 1 1 0 0 0 1
Machine505   40       YES        13           0.004803     0 0 1 1 0 0 1 0 0 1 1 1 0
Machine506   40       YES        16           0.021345     1 0 0 0 1 1 0 0 1 1 1 0 0 0 1 0
Machine507   40       YES        15           0.005007     1 0 1 1 1 1 0 1 1 1 0 1 1 0 1
Machine508   40       YES        13           0.009544     0 0 1 0 0 1 1 0 0 1 1 0 0
Machine509   40       YES        17           0.040962     0 0 0 1 1 1 0 1 1 1 1 1 0 0 1 1 1
Machine510   40       YES        18           0.156546     0 0 0 1 0 1 1 1 0 1 0 0 1 1 1 0 0 1
Machine511   40       YES        14           0.013017     0 1 1 0 1 0 1 1 1 1 1 0 1 1
Machine512   40       YES        20           0.157405     0 0 1 1 1 1 0 1 1 0 1 1 1 1 1 1 0 1 0 1
Machine513   40       YES        15           0.021654     0 0 0 0 0 0 0 0 0 1 1 0 1 1 0
Machine514   40       YES        21           0.388330     1 1 0 0 0 1 0 1 0 1 1 0 0 0 0 0 1 1 0 0 1
Machine515   40       YES        10           0.003024     0 1 1 0 0 0 0 0 1 0
Machine516   40       YES        14           0.023524     0 0 1 1 1 0 0 1 0 1 1 0 1 1
Machine517   40       YES        12           0.006364     1 0 1 1 0 1 1 1 0 0 0 0
Machine518   40       YES        15           0.023244     0 1 1 1 0 0 0 1 1 0 0 0 0 0 0
Machine519   40       YES        12           0.016004     1 0 1 1 1 1 1 1 1 1 1 1
Machine520   40       YES        15           0.035561     0 1 0 1 0 1 0 1 0 1 0 1 0 1 0
Machine521   40       YES        16           0.052996     1 0 1 0 0 1 0 0 1 1 1 0 0 1 0 0
Machine522   40       YES        18           0.267430     0 1 0 1 0 0 0 1 0 1 0 1 0 1 0 1 1 1
Machine523   40       YES        16           0.059297     0 1 1 1 0 1 1 0 0 1 1 1 0 0 1 1
Machine524   40       YES        15           0.042012     0 1 0 0 1 0 1 1 0 0 0 1 0 0 1
Machine525   40       YES        21           0.202002     0 0 1 0 1 0 1 1 0 1 0 0 1 1 1 0 1 0 1 1 1
Machine526   40       YES        19           0.126607     1 0 1 1 1 0 0 1 0 1 0 1 0 1 1 0 1 1 0
Machine527   40       YES        11           0.007023     0 1 0 0 0 0 0 0 0 0 0
Machine528   40       YES        12           0.010116     1 0 1 1 0 1 1 0 1 1 0 1
Machine529   40       YES        17           0.030061     0 1 1 1 1 1 0 1 0 0 1 1 1 0 1 0 1
Machine530   40       YES        16           0.022526     0 1 1 0 0 0 0 1 0 0 1 0 0 1 0 0
Machine531   40       YES        16           0.032998     0 0 0 1 1 0 1 1 1 0 0 1 0 1 1 0
Machine532   40       YES        16           0.030010     1 0 0 1 0 0 0 1 1 1 1 0 0 0 0 0
Machine533   40       YES        17           0.098539     0 0 0 0 1 0 1 1 0 0 1 1 0 1 0 0 1
Machine534   40       YES        18           0.063010     1 0 0 1 0 0 0 1 1 0 0 1 0 0 0 0 0 1
Machine535   40       YES        11           0.003998     0 1 1 1 1 1 1 0 0 0 0
Machine536   40       YES        17           0.060514     1 0 0 1 1 1 1 0 0 0 1 1 1 1 1 0 1
Machine537   40       YES        15           0.005995     0 1 0 1 0 0 0 1 0 1 0 0 0 1 0
Machine538   40       YES        18           0.059555     0 0 0 1 1 1 1 1 0 1 1 1 0 1 1 1 0 0
Machine539   40       YES        14           0.023001     0 1 1 0 0 1 0 1 0 0 0 1 0 0
Machine540   40       YES        21           0.250163     0 1 0 1 1 1 0 0 0 1 1 1 0 1 1 1 0 0 1 0 1
Machine541   40       YES        15           0.044443     1 0 1 0 1 0 1 0 0 1 1 0 0 1 0
Machine542   40       YES        18           0.089002     0 0 0 1 1 0 0 1 1 0 1 0 1 0 0 0 0 1
Machine543   40       YES        15           0.016003     0 1 1 0 0 1 1 1 1 1 0 0 1 1 0
Machine544   40       YES        15           0.032856     1 1 1 1 1 0 0 1 1 1 0 0 1 1 1
Machine545   40       YES        15           0.018028     1 0 0 0 1 1 0 1 1 0 1 1 1 1 0
Machine546   40       YES        18           0.176178     1 0 1 1 1 1 1 1 1 1 1 1 1 1 1 1 1 1
Machine547   40       YES        14           0.020009     1 1 0 0 0 0 0 0 0 0 0 1 1 1
Machine548   40       YES        15           0.010000     1 0 1 0 1 1 1 1 1 0 0 1 0 0 1
Machine549   40       YES        14           0.017009     0 1 1 0 0 1 1 0 1 1 1 1 1 1
Machine550   40       YES        22           1.395416     1 1 0 0 0 1 0 1 0 1 1 1 1 0 1 0 1 0 1 1 1 1
Machine551   40       YES        16           0.031522     0 0 0 0 0 1 0 0 1 1 0 0 1 1 0 0
Machine552   40       YES        17           0.077521     0 0 0 0 0 1 0 0 1 0 0 1 1 0 1 1 1
Machine553   40       YES        13           0.013013     0 1 1 0 1 0 0 1 1 0 1 1 0
Machine554   40       YES        15           0.012995     0 0 1 1 1 0 1 0 1 0 1 1 1 1 1
Machine555   40       YES        14           0.009001     1 1 0 1 0 1 0 0 1 0 0 0 0 1
Machine556   40       YES        16           0.039336     0 1 1 0 0 0 0 1 0 0 1 0 0 1 0 0
Machine557   40       YES        13           0.013456     1 0 1 1 1 1 0 1 0 1 0 0 1
Machine558   40       YES        15           0.027002     0 1 1 0 1 1 1 1 1 1 0 1 1 0 0
Machine559   40       YES        21           0.257581     0 0 0 0 1 1 0 0 0 0 1 0 0 0 0 0 0 1 1 0 0
Machine560   40       YES        16           0.029027     0 0 0 1 0 1 1 1 1 0 0 1 0 1 1 1
Machine561   40       YES        12           0.006344     0 0 0 1 1 1 0 0 1 0 1 1
Machine562   40       YES        15           0.015284     0 1 1 1 0 0 0 0 0 0 1 1 0 0 1
Machine563   40       YES        18           0.144612     0 1 0 0 1 1 1 0 0 1 1 1 0 0 0 0 1 1
Machine564   40       YES        12           0.009860     0 0 0 0 1 0 1 0 0 0 0 0
Machine565   40       YES        19           0.113188     0 0 0 0 0 0 0 1 0 0 1 1 1 1 0 1 0 1 1
Machine566   40       YES        20           0.344239     0 0 0 1 0 0 0 1 1 0 0 0 1 0 0 0 0 0 0 0
Machine567   40       YES        16           0.047245     0 0 1 0 0 0 1 0 0 0 1 1 1 1 0 0
Machine568   40       YES        21           0.226582     1 0 1 0 0 1 1 1 1 1 1 1 1 1 0 1 1 0 0 0 0
Machine569   40       YES        13           0.004999     0 0 0 0 1 1 0 0 1 0 0 1 0
Machine570   40       YES        12           0.004002     0 0 1 0 1 1 0 1 0 1 0 1
Machine571   40       YES        19           0.161776     0 1 1 0 0 1 1 1 0 0 0 1 0 0 1 1 1 0 0
Machine572   40       YES        8            0.001281     1 0 0 0 0 0 0 0
Machine573   40       YES        16           0.035115     0 1 1 1 1 0 1 1 1 0 1 1 1 0 1 0
Machine574   40       YES        15           0.025995     0 1 0 0 1 0 0 0 0 1 0 1 0 0 0
Machine575   40       YES        12           0.009415     1 0 1 0 1 0 0 1 0 0 1 0
Machine576   40       YES        12           0.006996     0 1 0 0 0 0 1 0 0 0 0 1
Machine577   40       YES        14           0.022507     0 0 1 0 1 1 0 0 0 1 1 0 0 0
Machine578   40       YES        11           0.005001     0 0 0 0 0 0 0 0 0 0 0
Machine579   40       YES        17           0.106087     0 0 1 0 0 1 0 0 0 0 1 1 0 0 0 1 1
Machine580   40       YES        15           0.013463     0 1 0 1 1 0 0 1 0 1 1 1 1 0 1
Machine581   40       YES        10           0.003561     0 0 0 0 0 0 0 0 1 1
Machine582   40       YES        13           0.007998     0 0 1 0 0 0 0 0 1 1 0 1 1
Machine583   40       YES        16           0.030171     0 1 0 0 1 0 0 0 1 1 1 1 1 0 0 0
Machine584   40       YES        16           0.025998     0 1 1 1 0 1 1 0 1 1 0 1 0 0 1 0
Machine585   40       YES        17           0.107605     0 0 1 0 0 0 1 0 0 0 1 0 1 0 1 1 1
Machine586   40       YES        13           0.011501     0 0 1 1 0 0 0 0 0 0 1 1 1
Machine587   40       YES        14           0.012006     1 0 1 1 1 1 0 1 0 1 0 1 1 1
Machine588   40       YES        12           0.011999     1 0 0 0 1 1 0 0 0 0 0 0
Machine589   40       YES        16           0.036999     0 1 0 1 0 1 1 0 1 1 0 1 1 1 1 1
Machine590   40       YES        15           0.024005     0 1 1 0 1 1 0 1 0 1 1 1 1 0 0
Machine591   40       YES        15           0.017999     0 0 0 0 0 0 1 1 0 1 1 1 1 1 0
Machine592   40       YES        15           0.019999     0 1 1 1 0 1 0 0 1 0 1 0 0 0 1
Machine593   40       YES        13           0.007008     0 0 0 1 1 0 1 0 0 0 1 1 0
Machine594   40       YES        12           0.004000     1 0 0 1 1 1 1 1 1 0 1 1
Machine595   40       YES        16           0.052898     0 1 0 1 0 0 1 0 0 0 0 0 1 0 1 1
Machine596   40       YES        15           0.034013     1 1 0 0 0 0 0 1 1 1 1 1 1 1 1
Machine597   40       YES        17           0.054545     0 1 0 1 0 0 0 1 1 1 1 0 0 0 1 0 1
Machine598   40       YES        19           0.121546     0 0 1 0 0 1 0 1 1 0 1 0 0 0 1 0 0 0 0
Machine599   40       YES        15           0.021009     1 1 1 0 1 0 1 0 0 1 0 1 1 0 1
Machine600   40       YES        12           0.008000     0 1 1 0 1 0 1 0 0 1 0 1
Machine601   60       YES        14           0.031557     0 1 0 0 0 1 1 0 0 0 0 0 0 0
Machine602   60       YES        20           1.088458     0 0 0 1 0 1 1 0 0 1 0 1 1 0 0 1 1 0 0 0
Machine603   60       YES        22           0.563365     0 0 1 0 1 0 1 1 0 0 0 1 1 0 1 1 0 0 0 1 1 0
Machine604   60       YES        24           4.575521     0 0 0 1 1 1 0 0 1 1 0 1 1 1 0 1 1 1 0 1 1 1 1 1
Machine605   60       YES        17           0.181815     1 1 1 1 0 1 0 0 0 0 1 1 1 0 1 0 0
Machine606   60       YES        18           0.292906     0 1 1 1 1 1 0 1 1 1 1 0 1 1 0 0 1 0
Machine607   60       YES        19           0.250590     0 1 1 1 0 0 0 0 1 1 1 1 1 0 0 0 1 1 1
Machine608   60       YES        20           0.571796     0 1 1 0 0 1 1 0 0 0 0 0 1 0 1 0 1 0 1 0
Machine609   60       YES        18           0.353078     0 0 0 0 1 1 0 1 0 0 1 0 0 1 1 1 0 1
Machine610   60       YES        17           0.081257     0 0 0 1 0 1 1 0 1 0 0 0 1 0 1 1 0
Machine611   60       YES        16           0.098251     0 0 0 1 0 0 1 0 1 1 0 1 0 1 0 1
Machine612   60       YES        23           2.256706     1 1 1 1 0 0 1 0 0 1 1 1 0 0 0 1 1 1 0 0 1 0 1
Machine613   60       YES        14           0.060998     1 1 1 0 0 0 0 1 0 0 0 0 1 1
Machine614   60       YES        19           0.355803     0 1 0 1 1 0 1 1 0 1 1 1 0 1 1 0 0 1 0
Machine615   60       YES        18           0.232204     0 1 0 0 0 0 1 1 0 1 0 0 0 0 0 0 1 1
Machine616   60       YES        22           1.210255     0 0 0 0 0 0 1 0 0 0 0 1 0 0 1 0 0 1 1 0 1 1
Machine617   60       YES        20           0.228691     0 1 0 0 1 0 1 1 1 1 0 1 0 1 1 1 1 0 1 1
Machine618   60       YES        15           0.088293     1 1 0 1 1 1 0 1 1 0 0 1 1 0 1
Machine619   60       YES        15           0.038991     0 0 0 0 0 0 1 0 0 0 1 1 1 1 1
Machine620   60       YES        18           0.094564     0 1 0 0 0 1 0 1 1 0 0 1 0 1 0 1 0 0
Machine621   60       YES        18           0.169303     0 0 0 0 1 0 0 0 0 0 0 0 0 0 0 0 0 0
Machine622   60       YES        18           0.496227     1 1 0 0 1 1 0 0 1 1 1 0 0 0 0 0 0 0
Machine623   60       YES        16           0.226400     0 0 1 1 1 1 1 1 1 1 1 1 1 0 1 1
Machine624   60       YES        20           0.858124     1 1 1 1 1 1 0 0 0 1 1 1 1 0 0 0 0 0 0 1
Machine625   60       YES        20           1.313390     1 0 0 1 0 0 0 1 0 0 0 1 0 0 1 1 0 0 0 1
Machine626   60       YES        19           0.320566     1 0 0 0 0 1 0 0 0 0 1 0 0 1 0 0 1 0 0
Machine627   60       YES        21           0.386414     0 0 0 0 1 0 1 0 0 0 0 1 1 0 0 1 1 1 0 0 1
Machine628   60       YES        16           0.090106     0 1 0 1 1 0 1 1 0 0 1 0 1 0 1 1
Machine629   60       YES        18           0.252897     0 0 0 1 0 1 0 0 1 1 0 0 1 0 0 1 1 0
Machine630   60       YES        16           0.105540     0 1 0 1 0 0 1 0 1 0 0 0 1 1 1 0
Machine631   60       YES        19           0.380335     1 0 1 1 1 0 0 0 0 0 1 0 1 0 0 0 0 0 1
Machine632   60       YES        17           0.150292     1 0 1 0 0 1 0 0 0 0 1 0 0 1 0 1 1
Machine633   60       YES        19           0.448267     1 0 0 1 0 1 1 0 1 1 1 1 1 0 0 0 0 1 0
Machine634   60       YES        26           29.143955    0 0 0 0 0 1 1 0 0 1 0 1 1 0 1 0 1 0 0 1 0 0 1 1 0 1
Machine635   60       YES        24           5.178964     0 0 1 0 1 0 0 0 1 1 0 0 1 0 1 0 0 1 0 1 1 1 0 0
Machine636   60       YES        17           0.067608     0 0 0 0 1 0 0 0 0 0 0 1 1 0 0 0 0
Machine637   60       YES        20           0.596050     1 1 0 1 1 0 0 1 0 0 0 0 0 1 0 0 0 0 1 0
Machine638   60       YES        15           0.041992     0 1 0 1 1 0 1 0 1 0 0 0 1 1 0
Machine639   60       YES        12           0.015982     0 1 1 1 1 1 1 1 1 1 1 1
Machine640   60       YES        20           0.516247     1 0 1 0 1 1 1 1 0 1 1 0 0 1 0 0 1 0 1 1
Machine641   60       YES        19           0.322527     0 0 1 0 0 1 0 1 1 0 0 0 0 0 0 0 0 0 1
Machine642   60       YES        22           3.416391     0 0 1 1 1 1 0 0 1 0 1 0 0 1 0 0 0 1 0 0 0 1
Machine643   60       YES        21           0.459675     0 1 0 0 1 0 0 0 1 1 1 1 0 0 0 1 0 0 0 1 0
Machine644   60       YES        25           6.834374     0 0 1 1 0 1 1 1 0 1 0 0 0 0 1 0 1 0 1 0 1 0 1 0 1
Machine645   60       YES        19           0.487693     1 1 1 1 1 1 0 0 1 0 1 0 1 1 0 0 0 0 1
Machine646   60       YES        19           0.315248     0 1 0 0 0 1 0 0 0 1 0 1 1 1 0 1 1 1 1
Machine647   60       YES        18           0.127491     0 0 0 0 0 0 1 1 0 0 1 1 1 1 1 1 1 1
Machine648   60       YES        19           0.843332     1 0 1 0 1 0 0 0 0 1 0 1 0 0 1 1 0 0 0
Machine649   60       YES        21           0.641666     0 0 0 0 0 0 0 0 1 1 1 0 0 0 0 1 0 0 1 1 1
Machine650   60       YES        22           1.248348     0 0 0 0 0 1 0 0 0 0 0 0 0 1 1 0 0 1 1 0 0 1
Machine651   60       YES        15           0.078518     1 0 0 0 1 0 0 0 1 0 0 0 1 0 1
Machine652   60       YES        19           0.254519     1 0 0 0 1 0 1 1 0 0 0 0 1 0 1 0 1 1 1
Machine653   60       YES        17           0.113517     0 0 0 0 1 0 0 1 1 0 0 1 1 0 0 1 1
Machine654   60       YES        16           0.144516     0 0 1 0 0 1 0 0 1 1 0 0 0 1 0 0
Machine655   60       YES        19           0.322543     0 0 1 0 0 0 1 1 0 0 1 1 1 0 0 1 0 0 0
Machine656   60       YES        17           0.145087     1 1 1 0 0 0 1 0 1 0 0 0 1 1 0 1 0
Machine657   60       YES        19           0.265548     0 1 1 0 0 1 0 1 1 0 1 0 1 1 0 1 0 0 0
Machine658   60       YES        16           0.059008     0 1 1 0 1 0 1 0 0 1 1 1 0 1 0 0
Machine659   60       YES        20           0.370960     0 0 0 1 0 1 1 1 0 0 1 0 1 0 0 0 1 1 0 1
Machine660   60       YES        13           0.025009     1 0 1 0 1 1 1 1 0 1 0 1 1
Machine661   60       YES        17           0.078514     0 0 0 1 1 1 0 0 0 0 0 1 0 0 0 0 0
Machine662   60       YES        17           0.216714     1 1 1 1 1 1 1 1 1 1 1 1 1 1 1 1 1
Machine663   60       YES        19           0.485588     0 0 0 0 0 0 1 0 0 1 0 1 0 1 0 1 1 0 1
Machine664   60       YES        12           0.010997     0 0 0 1 0 1 0 1 0 0 1 0
Machine665   60       YES        20           0.334553     0 1 0 1 0 0 0 1 1 0 0 1 0 0 1 0 0 1 0 1
Machine666   60       YES        21           0.705866     0 0 0 0 0 0 1 1 0 1 1 1 0 1 0 0 0 0 0 0 0
Machine667   60       YES        13           0.011014     0 0 0 1 1 0 0 1 1 0 0 0 1
Machine668   60       YES        20           0.130539     0 0 0 1 0 1 1 1 1 1 0 0 0 0 1 0 1 1 1 1
Machine669   60       YES        19           1.024947     1 1 1 1 1 1 1 1 1 1 0 1 1 1 1 1 0 1 0
Machine670   60       YES        19           0.215163     0 0 0 0 1 0 1 1 0 0 1 0 0 0 1 0 0 0 1
Machine671   60       YES        16           0.063572     0 0 0 0 1 0 1 1 0 0 1 1 0 1 1 0
Machine672   60       YES        21           0.824107     1 1 1 1 0 1 1 1 1 0 1 1 1 0 1 0 0 0 1 0 0
Machine673   60       YES        19           0.765871     0 1 0 0 0 1 0 1 0 0 0 1 0 0 0 0 0 0 0
Machine674   60       YES        21           1.025208     0 1 0 1 1 1 1 0 1 0 0 1 1 1 0 1 0 0 0 0 0
Machine675   60       YES        21           0.840949     0 0 0 1 0 0 1 1 0 0 0 0 1 0 1 0 0 0 0 1 0
Machine676   60       YES        20           0.678692     0 1 1 0 0 0 1 1 1 1 0 0 1 0 0 0 1 1 1 1
Machine677   60       YES        16           0.148513     0 1 0 1 1 0 0 1 0 1 1 0 0 1 1 0
Machine678   60       YES        16           0.081782     1 1 1 1 0 1 1 1 0 1 1 1 0 1 1 1
Machine679   60       YES        21           0.658401     1 1 0 0 0 1 1 0 1 1 1 0 0 0 0 1 1 0 1 1 0
Machine680   60       YES        19           0.310663     1 1 1 1 0 1 0 0 0 0 1 1 0 1 0 1 1 0 1
Machine681   60       YES        23           1.901379     0 1 0 0 0 1 0 0 0 0 1 0 1 1 1 1 1 1 1 1 1 1 1
Machine682   60       YES        21           0.549114     0 0 1 1 1 0 0 0 1 0 0 0 0 0 1 0 0 0 1 1 0
Machine683   60       YES        22           1.359532     0 0 0 0 0 0 0 0 0 0 0 0 0 0 1 1 1 1 1 1 0 0
Machine684   60       YES        21           1.760242     0 1 1 0 1 1 1 0 1 1 1 0 0 1 0 1 0 0 0 1 1
Machine685   60       YES        24           10.201896    1 0 1 0 0 1 0 0 0 0 0 1 0 0 0 0 0 1 0 0 0 1 0 1
Machine686   60       YES        19           0.152081     0 0 1 0 1 1 1 0 1 0 1 0 1 0 1 1 0 1 1
Machine687   60       YES        20           2.120778     1 1 0 1 1 0 1 1 0 1 0 0 0 1 1 1 1 1 1 1
Machine688   60       YES        19           0.461702     0 0 0 1 1 0 1 1 1 1 1 1 1 1 1 0 0 1 1
Machine689   60       YES        15           0.043997     1 0 1 0 1 0 1 0 1 0 1 0 0 0 0
Machine690   60       YES        23           4.720802     0 1 0 1 0 1 0 1 0 0 0 1 0 0 0 0 1 0 0 1 1 0 1
Machine691   60       YES        22           7.510428     0 1 1 1 1 0 1 1 1 0 1 1 1 0 1 1 1 0 1 0 0 1
Machine692   60       YES        18           0.111528     0 0 0 1 1 0 0 1 0 1 0 0 0 0 0 1 0 0
Machine693   60       YES        18           0.226530     1 0 1 1 1 1 0 1 0 1 1 1 1 1 0 1 1 0
Machine694   60       YES        18           0.380526     1 1 0 1 1 1 1 1 1 1 1 1 1 1 1 1 1 1
Machine695   60       YES        12           0.010007     0 0 0 1 0 1 0 1 0 1 0 1
Machine696   60       YES        21           1.469004     1 1 1 1 1 1 0 1 0 1 0 1 0 1 0 1 0 1 1 1 1
Machine697   60       YES        19           0.393227     0 1 1 1 1 1 0 0 0 1 0 1 1 0 1 0 1 0 1
Machine698   60       YES        22           2.284422     1 1 0 1 0 0 1 0 1 1 0 1 1 0 1 1 0 0 1 0 1 1
Machine699   60       YES        24           5.895137     0 0 0 0 0 1 1 1 0 0 0 0 0 0 0 0 1 1 1 0 0 0 0 0
Machine700   60       YES        18           0.097513     0 0 1 1 0 0 1 1 1 0 0 1 0 0 1 1 0 0
Machine701   60       YES        19           0.394773     1 1 1 0 1 0 0 0 0 1 0 1 1 1 0 0 0 0 0
Machine702   60       YES        20           1.253079     1 0 1 0 0 0 1 0 0 1 1 1 0 0 0 1 0 0 0 1
Machine703   60       YES        17           0.148331     0 1 0 1 0 0 0 0 1 1 0 0 0 0 1 0 0
Machine704   60       YES        12           0.024997     1 1 0 0 0 1 1 1 1 1 1 1
Machine705   60       NO         N/A          N/A          N/A
Machine706   60       YES        18           0.098752     1 0 0 1 0 0 0 1 1 0 1 0 0 1 1 0 0 1
Machine707   60       YES        19           0.314445     0 1 1 0 0 1 1 0 0 1 0 1 0 1 1 0 0 0 1
Machine708   60       YES        17           0.150465     0 1 0 1 0 0 1 0 1 1 0 1 1 0 0 0 1
Machine709   60       YES        17           0.249123     0 1 0 1 0 1 1 0 0 1 1 0 1 1 1 1 0
Machine710   60       YES        21           0.808053     1 0 1 0 1 0 0 1 0 1 1 1 1 0 0 1 0 1 0 1 1
Machine711   60       YES        21           1.023937     1 0 1 0 0 1 0 1 0 0 1 0 1 0 1 1 0 1 0 1 0
Machine712   60       YES        20           1.452644     0 1 0 1 0 0 1 1 1 0 1 0 1 0 1 0 1 0 1 0
Machine713   60       YES        19           0.680829     1 0 0 0 1 1 1 0 0 0 0 0 1 1 1 0 0 0 0
Machine714   60       YES        20           0.425451     0 0 0 1 0 0 0 0 1 0 0 0 0 1 1 0 0 0 0 0
Machine715   60       YES        18           0.276581     1 0 0 0 0 0 0 1 1 0 0 1 1 0 1 0 0 0
Machine716   60       YES        19           1.474446     1 1 1 0 1 0 0 0 0 0 1 0 1 1 1 1 0 1 0
Machine717   60       YES        21           0.532838     1 0 1 0 0 0 1 1 1 1 1 1 1 1 1 1 0 1 1 0 0
Machine718   60       YES        21           0.566965     0 1 1 1 0 1 0 1 1 1 0 1 0 1 0 1 0 1 1 0 0
Machine719   60       YES        17           0.086378     0 0 0 0 1 1 1 1 0 0 1 1 0 1 1 1 0
Machine720   60       YES        21           0.590184     0 1 1 0 1 1 1 1 1 0 1 0 0 1 0 1 0 1 1 0 1
Machine721   60       YES        21           2.350996     0 0 0 1 1 1 1 1 0 1 1 0 0 1 1 1 1 0 0 1 1
Machine722   60       YES        20           0.776265     1 1 0 0 0 1 0 0 1 0 0 0 0 1 0 0 0 0 0 0
Machine723   60       YES        21           1.298780     0 0 0 0 1 1 0 0 1 1 0 1 0 0 1 0 1 1 0 0 0
Machine724   60       YES        13           0.039538     1 0 1 1 0 1 1 1 0 1 1 1 0
Machine725   60       YES        17           0.121516     0 0 0 1 0 0 0 1 0 0 0 0 1 1 0 0 0
Machine726   60       YES        16           0.053356     0 0 0 0 0 1 0 1 1 0 0 0 0 0 0 0
Machine727   60       YES        16           0.135727     0 1 0 1 1 0 1 1 0 0 0 1 0 1 1 0
Machine728   60       YES        20           0.511296     0 0 1 1 0 1 0 0 1 0 1 1 0 1 1 0 1 0 0 1
Machine729   60       YES        22           3.332326     1 0 0 0 1 1 0 0 0 0 1 0 0 0 1 0 0 1 1 1 0 0
Machine730   60       YES        21           2.692587     0 0 1 0 0 1 1 1 1 1 0 0 0 0 1 1 1 1 1 0 0
Machine731   60       YES        19           0.318558     0 0 1 0 0 0 1 1 0 1 0 0 1 0 1 0 1 0 0
Machine732   60       YES        20           0.535077     0 1 1 0 0 0 1 1 1 0 1 1 0 0 0 1 0 0 1 1
Machine733   60       YES        20           0.495384     0 0 1 0 0 0 0 0 1 0 0 1 1 1 0 1 0 0 0 0
Machine734   60       YES        22           1.116024     0 1 1 0 0 0 0 0 1 1 1 0 0 1 0 1 0 1 1 0 0 0
Machine735   60       YES        17           0.186597     0 1 0 0 1 1 0 0 1 1 1 1 1 1 1 1 1
Machine736   60       YES        21           0.784386     0 0 0 1 1 0 1 1 0 1 1 1 1 0 0 1 0 0 0 1 1
Machine737   60       YES        18           0.334955     1 0 0 1 0 1 0 0 1 1 1 0 1 1 1 0 1 0
Machine738   60       YES        15           0.054522     0 1 1 1 1 1 1 0 0 0 1 0 1 1 1
Machine739   60       YES        20           0.790004     0 0 0 0 0 1 0 1 0 1 1 0 1 0 1 1 0 0 0 1
Machine740   60       YES        17           0.121102     0 1 0 0 0 1 0 1 1 1 0 1 1 1 0 1 1
Machine741   60       YES        14           0.033010     0 0 0 1 1 1 0 0 0 1 0 0 1 0
Machine742   60       YES        21           0.993678     0 1 1 1 1 0 1 1 1 0 1 0 0 1 0 1 0 0 1 1 1
Machine743   60       YES        13           0.017999     1 1 0 0 0 0 0 0 0 1 1 0 0
Machine744   60       YES        14           0.044405     0 0 0 0 1 1 1 1 1 1 1 1 0 0
Machine745   60       YES        19           0.387115     0 0 0 1 0 1 0 1 0 0 1 0 0 0 1 1 0 0 1
Machine746   60       YES        26           9.641815     0 1 0 1 1 1 1 1 1 0 1 1 0 0 0 0 1 1 1 1 1 1 1 1 1 1
Machine747   60       YES        20           0.469922     1 0 0 0 0 1 1 0 0 0 0 1 0 0 0 0 1 0 0 1
Machine748   60       YES        22           1.500916     1 0 0 1 0 1 0 0 1 0 0 1 0 1 1 1 0 1 1 0 1 1
Machine749   60       YES        16           0.071007     0 0 0 0 0 1 0 1 0 1 0 0 1 0 1 1
Machine750   60       YES        13           0.032800     0 0 1 0 1 0 0 1 0 1 0 0 1
Machine751   60       YES        18           0.175039     0 0 0 1 1 1 1 0 1 0 1 0 0 1 0 1 0 0
Machine752   60       YES        23           2.062585     0 0 1 0 1 1 0 0 1 0 1 1 1 1 0 0 1 1 0 1 0 0 0
Machine753   60       YES        16           0.122517     1 0 0 1 1 1 1 0 1 1 0 1 1 1 0 1
Machine754   60       YES        19           0.821363     1 1 1 0 1 0 1 0 0 0 1 1 0 1 1 1 0 0 0
Machine755   60       YES        25           14.629293    1 0 1 0 1 1 0 1 1 1 0 0 1 0 1 1 1 1 0 1 0 1 0 0 0
Machine756   60       YES        23           4.735075     1 0 0 0 0 0 0 0 0 0 0 0 1 1 1 0 1 1 0 1 0 1 1
Machine757   60       YES        17           0.105203     0 1 1 1 0 1 0 0 0 0 1 1 0 1 1 0 0
Machine758   60       YES        15           0.027014     1 1 0 0 0 0 0 1 1 1 0 1 0 1 1
Machine759   60       YES        17           0.030519     0 0 0 0 0 1 1 1 0 0 0 1 0 0 1 1 1
Machine760   60       YES        22           3.722822     0 0 0 1 0 0 0 1 0 0 0 1 0 1 1 1 0 0 0 1 1 1
Machine761   60       YES        20           0.307892     0 0 1 1 1 0 1 0 1 1 1 1 1 0 0 1 0 1 1 0
Machine762   60       YES        17           0.074564     1 0 0 0 1 0 1 1 1 0 0 1 1 0 0 1 1
Machine763   60       YES        19           0.139667     1 1 1 1 0 0 0 1 1 1 0 1 0 0 0 0 0 1 1
Machine764   60       YES        17           0.315308     0 1 0 1 1 1 1 1 1 1 1 1 0 1 1 1 0
Machine765   60       YES        15           0.088985     0 0 0 0 0 0 0 0 0 0 0 0 0 0 0
Machine766   60       YES        16           0.123845     1 0 0 1 0 1 0 1 1 1 1 0 1 1 1 1
Machine767   60       YES        21           0.206226     0 1 1 1 0 1 0 0 0 0 1 1 0 0 1 1 0 0 1 0 0
Machine768   60       YES        20           0.663685     1 1 1 0 0 1 1 0 1 0 0 0 1 1 0 0 0 1 0 0
Machine769   60       YES        19           0.853734     1 1 1 1 1 1 1 0 0 1 1 0 0 0 1 1 0 1 1
Machine770   60       YES        19           0.313875     0 0 0 0 1 1 0 1 0 0 1 1 1 0 0 0 1 1 0
Machine771   60       YES        23           3.971415     0 0 0 0 0 0 1 1 0 0 1 1 0 1 1 0 0 0 0 0 0 0 0
Machine772   60       YES        17           0.212217     0 0 0 0 0 0 0 0 1 0 0 1 0 0 0 0 0
Machine773   60       YES        15           0.093667     1 1 0 1 1 0 1 0 1 1 0 1 0 1 0
Machine774   60       YES        20           1.527427     0 0 1 1 0 1 1 0 0 1 0 0 0 0 0 0 0 0 0 0
Machine775   60       YES        15           0.063486     0 1 0 0 0 1 1 1 0 0 1 0 0 0 0
Machine776   60       YES        18           0.176564     0 0 0 1 1 1 1 0 1 1 0 1 1 1 1 1 0 1
Machine777   60       YES        15           0.074008     0 1 1 0 0 0 1 1 0 1 0 0 1 1 0
Machine778   60       YES        19           0.505271     0 1 1 0 0 1 0 0 1 0 1 1 0 0 1 0 1 0 0
Machine779   60       YES        19           0.646418     0 1 1 0 1 0 0 0 0 0 0 0 0 0 0 0 0 1 0
Machine780   60       YES        20           0.179605     0 0 0 0 0 1 0 1 1 0 1 1 1 0 0 0 1 1 1 0
Machine781   60       YES        18           0.237828     1 1 0 1 1 1 0 0 0 0 0 1 1 1 1 1 1 1
Machine782   60       YES        20           1.499944     0 0 0 1 0 0 0 0 0 0 1 0 0 0 1 1 0 1 0 0
Machine783   60       YES        16           0.132330     0 1 1 1 1 1 0 0 1 0 1 1 0 1 1 0
Machine784   60       YES        20           2.704458     0 1 1 1 1 1 1 1 1 1 1 1 1 1 1 0 1 0 1 0
Machine785   60       YES        21           0.408966     0 0 1 0 1 1 1 1 1 1 1 1 1 0 1 0 0 1 0 1 1
Machine786   60       YES        22           1.646259     0 0 0 1 1 0 0 1 0 0 1 0 1 0 1 0 0 1 0 1 0 1
Machine787   60       YES        25           8.639568     0 0 0 0 0 0 0 0 1 1 1 0 0 0 0 0 1 1 0 0 1 1 1 0 1
Machine788   60       YES        15           0.100018     1 1 1 1 1 1 1 1 1 1 1 0 0 1 1
Machine789   60       YES        20           1.423590     0 1 1 0 1 1 1 1 1 0 0 0 1 1 1 1 1 1 1 0
Machine790   60       YES        18           0.062508     0 0 0 0 0 0 0 0 0 0 0 0 0 0 0 0 0 0
Machine791   60       YES        17           0.233793     1 1 0 1 0 0 1 0 0 1 0 0 1 0 0 1 0
Machine792   60       YES        15           0.046892     0 0 0 0 0 1 1 1 1 1 1 1 1 1 1
Machine793   60       YES        14           0.036211     0 0 1 1 1 1 1 1 1 1 1 1 1 1
Machine794   60       YES        15           0.091533     0 0 0 0 0 0 0 0 0 0 0 0 0 0 0
Machine795   60       YES        20           0.374237     1 0 0 1 0 0 0 0 1 0 1 0 1 1 0 0 0 0 0 0
Machine796   60       YES        19           0.226636     0 1 0 0 0 0 0 0 1 0 0 0 0 0 0 1 0 0 0
Machine797   60       YES        21           2.002351     1 1 1 1 1 1 0 0 0 0 0 0 0 1 0 0 0 1 1 1 0
Machine798   60       YES        24           30.810698    0 0 0 0 1 1 1 1 1 0 0 0 0 0 0 0 0 0 0 0 0 0 0 0
Machine799   60       YES        17           0.102520     1 0 1 1 1 0 1 0 0 0 1 1 0 1 1 0 0
Machine800   60       YES        15           0.075526     1 0 1 0 1 0 1 1 1 0 0 1 1 0 1
Machine801   60       YES        13           0.014999     0 0 1 0 0 0 0 1 0 0 0 0 0
Machine802   60       YES        21           0.604191     1 0 0 0 0 0 1 0 0 0 0 1 0 1 1 0 0 1 0 0 0
Machine803   60       YES        17           0.168566     1 1 1 1 1 1 0 0 1 1 0 1 1 0 1 1 0
Machine804   60       YES        24           2.108098     0 1 1 0 0 0 1 1 0 1 0 1 1 0 1 0 1 0 1 0 0 1 1 0
Machine805   60       YES        23           1.950695     1 1 0 0 1 1 0 0 0 0 0 0 0 0 0 0 1 1 0 1 1 0 1
Machine806   60       YES        17           0.158031     0 1 0 0 1 0 0 1 0 0 1 0 1 0 1 1 1
Machine807   60       YES        15           0.055981     0 0 0 0 1 1 1 1 1 0 0 0 1 0 0
Machine808   60       YES        20           2.258366     0 1 0 1 0 1 0 1 0 1 0 1 0 1 0 1 0 1 0 1
Machine809   60       YES        18           0.157390     0 1 1 0 0 0 0 0 1 1 1 0 0 0 1 1 0 0
Machine810   60       YES        24           8.624337     0 1 0 0 0 1 1 1 0 1 1 1 1 0 1 0 1 0 1 0 1 1 1 0
Machine811   60       YES        18           0.198499     1 1 0 0 1 0 0 0 0 0 1 0 1 0 0 0 0 0
Machine812   60       YES        19           0.172467     0 0 1 0 1 0 0 0 0 1 1 0 0 1 1 0 0 0 1
Machine813   60       YES        15           0.107616     0 0 0 1 1 1 1 1 1 1 1 1 1 1 1
Machine814   60       YES        16           0.046301     0 0 1 0 1 1 1 0 0 1 0 0 1 0 0 1
Machine815   60       YES        14           0.036998     0 1 1 1 0 1 1 0 1 0 1 0 1 0
Machine816   60       YES        20           0.483639     0 0 0 0 0 0 0 0 0 1 0 1 1 1 0 1 1 1 0 1
Machine817   60       YES        19           0.866176     0 1 0 1 1 0 0 1 0 1 0 1 0 1 0 0 1 0 1
Machine818   60       YES        22           1.589432     0 0 0 0 0 1 1 1 0 1 0 0 1 1 0 1 0 0 1 0 0 1
Machine819   60       YES        18           0.366410     0 1 0 0 1 1 0 0 1 0 0 1 0 0 1 1 0 0
Machine820   60       YES        17           0.200330     1 0 1 0 1 0 1 1 1 0 1 0 1 0 0 0 1
Machine821   60       YES        22           0.874602     1 1 1 0 0 1 0 1 0 0 0 0 0 0 0 0 1 0 1 1 1 0
Machine822   60       YES        19           0.254628     0 1 0 1 0 0 1 1 1 1 1 1 1 0 0 0 1 0 0
Machine823   60       YES        22           0.851741     0 0 0 0 0 0 0 1 1 1 0 0 1 1 1 1 1 1 1 1 0 1
Machine824   60       YES        14           0.046329     1 1 1 0 1 1 0 1 1 1 1 1 1 1
Machine825   60       YES        19           0.522398     0 1 0 0 1 0 1 1 1 0 1 0 0 0 0 1 1 0 1
Machine826   60       YES        13           0.010010     1 1 1 0 1 0 0 1 0 1 1 1 1
Machine827   60       YES        18           0.218567     1 0 0 1 1 1 1 1 1 0 0 0 1 1 1 1 1 1
Machine828   60       YES        17           0.198244     1 0 0 1 0 1 1 0 0 1 1 1 0 0 0 0 1
Machine829   60       YES        22           1.450768     1 0 1 0 1 1 0 1 1 0 0 1 1 0 0 0 0 1 0 0 0 1
Machine830   60       YES        22           2.132603     0 0 0 0 0 0 0 0 1 1 1 1 1 1 0 0 0 0 1 0 0 0
Machine831   60       YES        19           0.242874     0 0 0 1 1 0 0 1 0 0 0 0 1 1 0 0 1 0 1
Machine832   60       YES        21           0.507521     0 0 1 0 1 1 1 0 1 0 0 1 0 1 0 1 0 1 0 0 1
Machine833   60       YES        20           0.883281     0 1 0 1 1 1 1 1 1 0 0 0 1 0 0 1 1 1 0 0
Machine834   60       YES        21           0.629188     0 1 1 1 1 0 1 1 1 1 1 0 0 1 1 0 1 0 1 1 1
Machine835   60       YES        18           0.543232     1 1 0 0 0 1 1 1 1 1 1 1 1 1 1 1 1 1
Machine836   60       YES        21           0.429576     0 1 1 0 0 0 1 0 0 1 1 0 0 1 0 0 1 1 1 1 0
Machine837   60       YES        21           2.289026     0 1 0 1 1 1 1 1 1 0 0 0 1 1 0 1 1 0 1 0 1
Machine838   60       YES        16           0.077961     0 0 0 0 0 0 0 1 0 0 1 1 0 1 0 1
Machine839   60       YES        26           29.602999    0 0 1 1 0 1 0 0 0 1 0 1 0 0 1 1 1 0 1 0 1 0 1 0 0 0
Machine840   60       YES        20           0.586948     0 0 1 0 0 1 0 1 1 1 0 1 0 1 1 1 0 1 1 0
Machine841   60       YES        19           0.361058     1 0 1 0 0 1 1 1 0 0 1 1 1 1 1 1 0 0 1
Machine842   60       YES        20           0.764683     0 0 0 1 1 0 0 1 0 0 0 0 0 0 1 0 0 1 1 0
Machine843   60       YES        18           0.162757     0 0 1 1 0 1 0 0 1 0 0 1 0 1 1 1 1 0
Machine844   60       YES        20           0.526494     1 0 0 0 1 0 0 1 0 0 1 0 1 0 0 1 1 1 0 1
Machine845   60       YES        14           0.040759     0 0 1 0 0 0 1 1 1 1 1 1 1 1
Machine846   60       YES        23           9.981021     1 1 1 1 1 1 0 0 1 1 1 0 0 1 1 1 1 1 1 1 1 1 1
Machine847   60       YES        20           1.069618     0 0 1 1 1 1 1 0 0 0 1 0 0 1 0 1 1 1 1 1
Machine848   60       YES        16           0.089603     0 1 0 1 0 0 1 0 1 1 1 0 1 0 0 0
Machine849   60       YES        17           0.147064     1 0 0 0 1 1 0 0 0 1 1 0 0 0 1 1 0
Machine850   60       YES        18           0.207110     0 0 1 0 0 1 0 1 0 0 1 0 1 0 0 0 0 0
Machine851   60       YES        22           0.977612     0 0 0 0 0 0 1 0 0 1 0 0 0 1 1 0 0 1 1 1 0 0
Machine852   60       YES        19           0.232063     0 1 1 0 1 0 1 1 1 1 1 1 1 1 1 0 1 0 1
Machine853   60       YES        19           0.687279     0 0 0 0 0 0 0 0 0 0 0 0 1 0 1 1 1 0 0
Machine854   60       YES        19           0.349278     1 0 0 1 1 0 1 0 0 1 0 1 0 0 1 0 0 1 1
Machine855   60       YES        18           0.104026     0 0 0 1 1 1 0 1 1 1 0 1 0 0 1 1 1 1
Machine856   60       YES        16           0.043088     0 1 0 0 1 0 0 0 0 1 0 0 0 1 0 1
Machine857   60       YES        18           0.364074     0 1 1 1 1 0 1 1 0 1 1 0 1 1 0 1 1 0
Machine858   60       YES        13           0.018017     0 0 0 0 0 0 0 0 0 0 0 0 0
Machine859   60       YES        21           1.289854     1 1 1 0 0 0 0 0 1 1 1 1 0 0 0 0 1 0 0 0 0
Machine860   60       YES        19           0.451040     1 1 0 0 0 1 1 1 1 1 1 0 0 1 0 0 1 1 0
Machine861   60       YES        12           0.017144     0 0 1 0 1 0 1 0 1 1 0 0
Machine862   60       YES        18           0.166398     0 0 0 1 1 0 1 1 0 1 1 0 1 1 0 1 1 0
Machine863   60       YES        20           0.528968     1 1 1 1 0 0 1 0 0 1 1 0 0 1 1 0 1 0 1 0
Machine864   60       YES        20           0.463153     0 0 0 1 1 0 1 1 0 1 0 0 0 0 0 0 0 0 0 0
Machine865   60       YES        16           0.132986     0 1 1 1 0 0 0 1 0 0 1 0 0 1 0 0
Machine866   60       YES        21           1.866823     0 0 0 0 0 0 0 0 0 1 0 0 0 0 1 1 0 0 1 1 0
Machine867   60       YES        18           0.141548     0 0 0 0 0 1 1 1 0 0 1 0 0 0 0 0 0 0
Machine868   60       YES        16           0.067994     0 0 1 1 1 0 0 1 1 0 0 1 1 0 1 0
Machine869   60       YES        15           0.043302     0 1 1 1 1 0 1 1 1 0 0 1 0 1 0
Machine870   60       YES        14           0.023034     1 0 1 0 0 1 0 1 1 1 0 0 0 0
Machine871   60       YES        19           0.498231     0 0 0 0 0 0 1 0 1 0 1 1 1 0 0 0 0 0 0
Machine872   60       YES        14           0.041670     1 0 1 1 0 1 0 1 1 0 1 0 1 0
Machine873   60       YES        19           0.296244     0 0 1 1 1 1 1 0 0 1 0 1 0 0 0 1 0 0 0
Machine874   60       YES        20           0.400166     0 0 0 1 0 0 1 0 0 1 0 1 1 0 1 1 0 0 1 1
Machine875   60       YES        16           0.075361     1 0 0 0 1 0 1 1 0 0 1 1 0 1 1 0
Machine876   60       YES        22           1.027884     1 0 0 0 1 0 1 0 1 1 0 0 0 0 1 0 1 1 0 1 0 0
Machine877   60       YES        19           0.391798     1 0 0 0 1 1 0 1 0 0 0 1 1 0 1 1 0 0 0
Machine878   60       YES        16           0.120275     0 1 0 0 1 1 0 0 0 1 0 0 1 1 1 0
Machine879   60       YES        28           90.681165    1 0 0 0 1 0 0 1 0 1 0 0 0 1 0 1 1 0 0 1 0 1 1 1 0 1 1 1
Machine880   60       YES        16           0.202832     1 1 1 1 1 0 1 0 1 1 0 1 1 0 1 1
Machine881   60       YES        19           0.840012     1 0 1 1 0 0 0 1 0 0 0 1 1 0 0 0 0 1 1
Machine882   60       YES        16           0.155737     1 1 1 0 0 1 0 0 1 1 1 0 1 1 1 0
Machine883   60       YES        19           0.189278     0 1 0 1 0 1 1 1 0 1 1 1 1 0 1 0 1 1 0
Machine884   60       YES        16           0.079515     0 1 0 0 1 0 0 1 0 0 0 0 0 0 1 0
Machine885   60       YES        17           0.109989     0 1 0 1 1 1 1 0 0 1 1 0 1 1 0 1 1
Machine886   60       YES        15           0.020664     1 1 0 1 1 0 1 0 0 1 0 0 1 1 0
Machine887   60       YES        17           0.112226     0 0 0 0 1 1 0 1 0 0 0 0 0 0 0 0 0
Machine888   60       YES        17           0.069148     0 0 0 0 1 0 0 1 0 0 0 0 1 1 0 0 1
Machine889   60       YES        12           0.014599     0 1 0 0 0 0 0 0 0 0 0 0
Machine890   60       YES        21           0.410727     0 0 0 0 0 1 0 1 1 0 0 1 0 0 0 0 1 1 1 1 1
Machine891   60       YES        18           0.461620     1 0 0 0 0 1 0 1 1 1 1 0 0 0 1 1 0 1
Machine892   60       YES        24           1.645078     0 0 1 1 0 0 1 0 0 1 0 0 1 0 0 0 0 1 1 1 0 1 0 0
Machine893   60       YES        19           0.089559     0 0 0 0 0 1 1 0 0 1 1 1 1 0 0 1 1 1 1
Machine894   60       YES        14           0.045068     0 1 1 1 0 0 0 0 0 1 0 0 0 0
Machine895   60       YES        22           2.087837     0 1 1 0 0 0 1 1 0 0 1 1 0 0 1 1 0 0 0 0 0 0
Machine896   60       YES        19           0.508454     0 1 0 0 1 0 1 0 1 0 0 1 0 1 1 1 1 0 1
Machine897   60       YES        21           0.654541     0 0 1 1 0 0 0 1 0 1 1 1 0 0 1 0 0 0 0 1 1
Machine898   60       YES        18           0.179207     0 1 1 1 0 1 1 1 1 0 1 0 0 1 1 1 1 0
Machine899   60       YES        23           2.037351     0 0 0 1 1 1 1 1 0 0 1 0 1 0 1 0 1 0 0 1 0 0 1
Machine900   60       YES        22           2.157070     1 1 1 0 1 1 1 1 0 1 1 0 1 0 0 1 0 0 1 1 0 1

====================================================================================================
STATISTICS BY STATE SIZE
====================================================================================================


Machines with 20 states (300 total):
  With SS: 293
  Without SS: 7
  Average SS Length: 9.99
  Min SS Length: 5
  Max SS Length: 19
  Average Time to Find: 0.001316s
  Total Time for 20-state machines: 0.39s

Machines with 40 states (300 total):
  With SS: 298
  Without SS: 2
  Average SS Length: 15.22
  Min SS Length: 8
  Max SS Length: 25
  Average Time to Find: 0.071196s
  Total Time for 40-state machines: 21.22s

Machines with 60 states (300 total):
  With SS: 299
  Without SS: 1
  Average SS Length: 18.67
  Min SS Length: 12
  Max SS Length: 28
  Average Time to Find: 1.462249s
  Total Time for 60-state machines: 437.21s

====================================================================================================
CONFIGURATION
====================================================================================================
  - 300 machines with 20 states
  - 300 machines with 40 states
  - 300 machines with 60 states
  - All machines: deterministic, complete, binary input (0, 1)
  - Generation: Truly random (uniform distribution)
  - Algorithm: BFS on Power Automaton (exact)
  - Max search depth per machine: n × n (where n = number of states)
====================================================================================================
